\addplot[color=black, 	mark=triangle, 	width = \plotwidth] coordinates {
(2.00000, 0.39352)(4.00000, 0.39357)(8.00000, 0.39355)(16.00000, 0.39358)(32.00000, 0.39359)(64.00000, 0.39370)(128.00000, 0.39388)(256.00000, 0.39402)(512.00000, 0.39457)(1024.00000, 0.39539)(2048.00000, 0.39748)(4096.00000, 0.40124)(8192.00000, 0.40824)
};\addlegendentry {2-BPE}

\addplot[color=red, 	 	mark=o, 				width = \plotwidth] coordinates {
(2.00000, 0.14683)(4.00000, 0.14686)(8.00000, 0.14685)(16.00000, 0.14688)(32.00000, 0.14692)(64.00000, 0.14704)(128.00000, 0.14726)(256.00000, 0.14756)(512.00000, 0.14823)(1024.00000, 0.14941)(2048.00000, 0.15221)(4096.00000, 0.15749)(8192.00000, 0.16746)
};\addlegendentry {4-BPE}

\addplot[color=blue,  	mark=x, 				width = \plotwidth] coordinates {
(2.00000, 0.02165)(4.00000, 0.02168)(8.00000, 0.02170)(16.00000, 0.02168)(32.00000, 0.02174)(64.00000, 0.02183)(128.00000, 0.02204)(256.00000, 0.02250)(512.00000, 0.02324)(1024.00000, 0.02482)(2048.00000, 0.02789)(4096.00000, 0.03422)(8192.00000, 0.04591)
};\addlegendentry {8-BPE}

\addplot[color=purple, mark=+, 				width = \plotwidth] coordinates {
(2.00000, 0.00044)(4.00000, 0.00047)(8.00000, 0.00046)(16.00000, 0.00049)(32.00000, 0.00053)(64.00000, 0.00065)(128.00000, 0.00087)(256.00000, 0.00135)(512.00000, 0.00207)(1024.00000, 0.00363)(2048.00000, 0.00695)(4096.00000, 0.01343)(8192.00000, 0.02519)
};\addlegendentry {16-BPE}

\addplot[color=black, 	mark=triangle, 	width = \plotwidth] coordinates {
(2.00000, 0.39352)(4.00000, 0.39357)(8.00000, 0.39355)(16.00000, 0.39358)(32.00000, 0.39359)(64.00000, 0.39370)(128.00000, 0.39388)(256.00000, 0.39402)(512.00000, 0.39457)(1024.00000, 0.39539)(2048.00000, 0.39748)(4096.00000, 0.40124)(8192.00000, 0.40824)
};\addlegendentry {2-BPE}

\addplot[color=red, 	 	mark=o, 				width = \plotwidth] coordinates {
(2.00000, 0.14683)(4.00000, 0.14686)(8.00000, 0.14685)(16.00000, 0.14688)(32.00000, 0.14692)(64.00000, 0.14704)(128.00000, 0.14726)(256.00000, 0.14756)(512.00000, 0.14823)(1024.00000, 0.14941)(2048.00000, 0.15221)(4096.00000, 0.15749)(8192.00000, 0.16746)
};\addlegendentry {4-BPE}

\addplot[color=blue,  	mark=x, 				width = \plotwidth] coordinates {
(2.00000, 0.02165)(4.00000, 0.02168)(8.00000, 0.02170)(16.00000, 0.02168)(32.00000, 0.02174)(64.00000, 0.02183)(128.00000, 0.02204)(256.00000, 0.02250)(512.00000, 0.02324)(1024.00000, 0.02482)(2048.00000, 0.02789)(4096.00000, 0.03422)(8192.00000, 0.04591)
};\addlegendentry {8-BPE}

\addplot[color=purple, mark=+, 				width = \plotwidth] coordinates {
(2.00000, 0.00044)(4.00000, 0.00047)(8.00000, 0.00046)(16.00000, 0.00049)(32.00000, 0.00053)(64.00000, 0.00065)(128.00000, 0.00087)(256.00000, 0.00135)(512.00000, 0.00207)(1024.00000, 0.00363)(2048.00000, 0.00695)(4096.00000, 0.01343)(8192.00000, 0.02519)
};\addlegendentry {16-BPE}

