\addplot[color=black, 	mark=triangle, 	width = \plotwidth] coordinates {
(2.00000, 0.00034)(4.00000, 0.00065)(8.00000, 0.00384)(16.00000, 0.02620)(32.00000, 0.06620)(64.00000, 0.09990)(128.00000, 0.12115)(256.00000, 0.14787)(512.00000, 0.18237)(1024.00000, 0.23040)(2048.00000, 0.28913)(4096.00000, 0.35788)(8192.00000, 0.40161)
};

\addplot[color=red, 	 	mark=o, 				width = \plotwidth] coordinates {
(2.00000, 0.00043)(4.00000, 0.00092)(8.00000, 0.00532)(16.00000, 0.03711)(32.00000, 0.09298)(64.00000, 0.14046)(128.00000, 0.17081)(256.00000, 0.20863)(512.00000, 0.25706)(1024.00000, 0.32498)(2048.00000, 0.40717)(4096.00000, 0.50224)(8192.00000, 0.56257)
};

\addplot[color=blue,  	mark=x, 				width = \plotwidth] coordinates {
(2.00000, 0.00052)(4.00000, 0.00105)(8.00000, 0.00615)(16.00000, 0.04256)(32.00000, 0.10688)(64.00000, 0.16137)(128.00000, 0.19581)(256.00000, 0.23947)(512.00000, 0.29512)(1024.00000, 0.37267)(2048.00000, 0.46667)(4096.00000, 0.57626)(8192.00000, 0.64301)
};

\addplot[color=purple, mark=+, 				width = \plotwidth] coordinates {
(2.00000, 0.00058)(4.00000, 0.00108)(8.00000, 0.00630)(16.00000, 0.04351)(32.00000, 0.10919)(64.00000, 0.16481)(128.00000, 0.20014)(256.00000, 0.24463)(512.00000, 0.30155)(1024.00000, 0.38067)(2048.00000, 0.47672)(4096.00000, 0.58868)(8192.00000, 0.65709)
};

